58001
58002
58004
58005
58006
58007
58008
58009
58011
58012
58013
58015
58016
58017
58018
58021
58027
58029
58030
58031
58032
58033
58035
58036
58038
58040
58041
58042
58043
58045
58046
58047
58048
58049
58051
58052
58053
58054
58056
58057
58058
58059
58060
58061
58062
58063
58064
58065
58067
58068
58069
58071
58072
58074
58075
58076
58077
58078
58079
58081
58102
58103
58104
58105
58106
58107
58108
58109
58121
58122
58124
58125
58126
58201
58202
58203
58204
58205
58206
58207
58208
58210
58212
58214
58216
58218
58219
58220
58222
58223
58224
58225
58227
58228
58229
58230
58231
5823
58235
58236
58237
58238
58239
58240
58241
58243
58244
58249
58250
58251
58254
58255
58256
58257
58258
58259
58260
58261
58262
58265
58266
58267
58269
58270
58271
58272
58273
58274
58275
58276
58277
58278
58281
58282
58301
58310
58311
58313
58316
58317
58318
58319
58321
58323
58324
58325
58327
58329
58330
58331
58332
58335
58338
58339
58341
58343
58344
58345
58346
58348
58351
58352
58353
58355
58356
58357
58361
58362
58363
58365
58366
58367
58368
58369
58370
58372
58374
58377
58379
58380
58381
58382
58384
58385
58386
58401
58402
58405
58413
58415
58416
58418
58420
58421
58422
58423
58424
58425
58426
58428
58429
58430
58431
58433
58436
58438
58439
58440
58441
58442
58443
58444
58445
58448
58451
58452
58454
58455
58456
58458
58460
58461
58463
58464
58466
58467
58472
58474
58475
58476
58477
58478
58479
58480
58481
58482
58483
58484
58486
58487
58488
58490
58492
58494
58495
58496
58497
58501
58502
58503
58504
58505
58506
58507
58520
58521
58523
58524
58528
58529
58530
58531
58532
58533
58535
58538
58540
58541
58542
58544
58545
58549
58552
58554
58558
58559
58560
58561
58562
58563
58564
58565
58566
58568
58569
58570
58571
58572
58573
58575
58576
58577
58579
58580
58581
58601
58602
58620
58621
58622
58623
58625
58626
58627
58630
58631
58632
58634
58636
58638
